average: (0.000584518,-0.0508587)
(-0.0636963,0.998021); (nan,nan); nan; nan; 
(0.0764504,0.997137); (-0.000156338,-0.0387701); 0.0121113; 0.0127272; ; CHOSEN
(-0.0631715,0.997919); (-0.0636311,0.996958); 1.04978; 1.10316; 
(-0.069897,0.997478); (-0.0564122,0.879166); 0.931769; 0.979147; 
(-0.111871,0.993793); (-0.0075152,0.0813057); 0.132412; 0.139145; 
(-0.0759373,0.997022); (-0.0451037,0.694643); 0.746901; 0.784879; 
(0.114815,0.993392); (-0.000934968,-0.026065); 0.0248402; 0.0261033; 
(0.11375,0.99348); (-0.00106826,-0.0238901); 0.0270192; 0.0283931; 
(-0.157431,0.987606); (-0.00533759,0.0457732); 0.0968133; 0.101736; 
(0.175807,0.984509); (-0.00114485,-0.0226404); 0.0282713; 0.0297088; 
(0.182481,0.98316); (-0.00146154,-0.0174729); 0.0334484; 0.0351492; 
(0.205432,0.978684); (-0.00143341,-0.0179318); 0.0329887; 0.0346661; 
(-0.233697,0.972284); (-0.00455995,0.0330844); 0.0841006; 0.0883769; 
(0.241511,0.970397); (-0.00157994,-0.0155409); 0.0353841; 0.0371833; 
(-0.291396,0.956547); (-0.00404977,0.0247597); 0.0757603; 0.0796126; 
(0.315306,0.949118); (-0.00165768,-0.0142725); 0.0366549; 0.0385187; 
(-0.365369,0.930804); (-0.0036267,0.0178564); 0.0688441; 0.0723446; 
(0.3921,0.920014); (-0.00184572,-0.0112042); 0.0397289; 0.041749; 
(-0.408336,0.912792); (-0.00345076,0.0149856); 0.0659679; 0.0693222; 
(0.393754,0.919107); (-0.00195521,-0.00941764); 0.0415188; 0.04363; 
(-0.44535,0.89539); (-0.00329634,0.0124658); 0.0634434; 0.0666693; 
(-0.449373,0.89338); (-0.0032858,0.0122938); 0.063271; 0.0664882; 
(-0.478174,0.878241); (-0.00326113,0.0118913); 0.0628678; 0.0660644; 
(0.468321,0.883474); (-0.00202394,-0.00829609); 0.0426425; 0.0448108; 
(0.508585,0.860918); (-0.00206364,-0.00764837); 0.0432914; 0.0454927; 
(-0.541441,0.840704); (-0.00315006,0.0100789); 0.061052; 0.0641563; 
(0.527426,0.84961); (-0.00205013,-0.00786877); 0.0430706; 0.0452607; 
(-0.557103,0.830476); (-0.003101,0.00927853); 0.0602501; 0.0633137; 
(-0.574436,0.818546); (-0.0030897,0.00909401); 0.0600652; 0.0631194; 
(-0.575477,0.817796); (-0.00309432,0.00916952); 0.0601409; 0.0631989; 
(0.577593,0.816472); (-0.00206258,-0.00766558); 0.0432742; 0.0454746; 
(0.577481,0.816392); (-0.00209905,-0.0070706); 0.0438703; 0.046101; 
(-0.601367,0.798969); (-0.00305502,0.00852817); 0.0594983; 0.0625237; 
(0.592,0.805855); (-0.00212544,-0.00663986); 0.0443018; 0.0465545; 
(0.605653,0.795624); (-0.00213961,-0.00640862); 0.0445335; 0.0467979; 
(-0.712921,0.701244); (-0.00293683,0.00659964); 0.0575662; 0.0604933; 
(0.756721,0.653821); (-0.00220914,-0.00527417); 0.0456701; 0.0479923; 
(-0.787367,0.616462); (-0.00287733,0.00562884); 0.0565936; 0.0594712; 
(0.82498,0.565226); (-0.00225121,-0.00458772); 0.0463578; 0.048715; 
(0.832086,0.554568); (-0.0022651,-0.00436103); 0.0465849; 0.0489537; 
(0.862625,0.50589); (-0.00227366,-0.0042214); 0.0467248; 0.0491007; 
(0.882638,0.46981); (-0.00229919,-0.00380484); 0.0471422; 0.0495392; 
(0.912213,0.409923); (-0.00229547,-0.00386545); 0.0470814; 0.0494754; 
(0.918068,0.396487); (-0.00230453,-0.00371768); 0.0472295; 0.049631; 
(-0.952062,0.305896); (-0.00275377,0.00361264); 0.0545736; 0.0573485; 
(-0.956272,0.292299); (-0.002755,0.00363266); 0.0545936; 0.0573696; 
(0.975956,0.217557); (-0.00235148,-0.00295164); 0.047997; 0.0504375; 
(-0.982349,0.186775); (-0.00272965,0.0032191); 0.0541793; 0.0569342; 
(-0.989555,-0.144357); (-0.002666,0.00218044); 0.0531387; 0.0558407; 
(0.984161,-0.177361); (-0.002403,-0.00211094); 0.0488392; 0.0513226; 
(0.937793,-0.347272); (-0.00242293,-0.00178564); 0.0491652; 0.0516651; 
(-0.897936,-0.440359); (-0.00262346,0.00148629); 0.0524432; 0.0551098; 
(-0.85918,-0.511597); (-0.0026207,0.00144124); 0.0523981; 0.0550624; 
(0.856507,-0.516132); (-0.00244351,-0.00144999); 0.0495014; 0.0520185; 
(0.831478,-0.555559); (-0.00244792,-0.00137801); 0.0495736; 0.0520942; 
(-0.786813,-0.617013); (-0.00261012,0.00126864); 0.0522252; 0.0548807; 
(-0.759382,-0.650488); (-0.00260545,0.00119247); 0.0521489; 0.0548005; 
(-0.725547,-0.688207); (-0.00259583,0.00103554); 0.0519916; 0.0546353; 
(-0.720428,-0.693346); (-0.00260075,0.00111571); 0.052072; 0.0547197; 
(-0.703254,-0.710798); (-0.00259737,0.0010606); 0.0520167; 0.0546617; 
(0.716201,-0.697892); (-0.0024648,-0.00110246); 0.0498496; 0.0523844; 
(-0.694558,-0.71959); (-0.00258854,0.000916499); 0.0518724; 0.05451; 
(0.701808,-0.712365); (-0.00246658,-0.00107346); 0.0498787; 0.0524149; 
(0.695467,-0.718561); (-0.00246725,-0.00106248); 0.0498897; 0.0524264; 
(-0.593352,-0.805032); (-0.00257808,0.000745963); 0.0517015; 0.0543304; 
(0.600191,-0.799872); (-0.00247763,-0.00089325); 0.0500592; 0.0526046; 
(0.584646,-0.811297); (-0.00247942,-0.00086392); 0.0500886; 0.0526355; 
(-0.556538,-0.830886); (-0.00257483,0.000692923); 0.0516484; 0.0542746; 
(-0.537975,-0.843093); (-0.00257095,0.000629615); 0.0515849; 0.0542079; 
(0.502987,-0.864274); (-0.00248823,-0.000720223); 0.0502326; 0.0527868; 
(-0.426184,-0.904735); (-0.00256105,0.000468084); 0.0514231; 0.0540379; 
(-0.42764,-0.903951); (-0.00256405,0.000516997); 0.0514721; 0.0540893; 
(-0.404409,-0.914655); (-0.00255971,0.000446168); 0.0514012; 0.0540148; 
(-0.40628,-0.913631); (-0.00256564,0.000542831); 0.051498; 0.0541165; 
(0.37917,-0.925327); (-0.00249877,-0.000548312); 0.0504048; 0.0529678; 
(-0.335789,-0.942021); (-0.00255345,0.000343938); 0.0512987; 0.0539071; 
(0.353428,-0.935431); (-0.00250181,-0.000498556); 0.0504547; 0.0530202; 
(0.343983,-0.938956); (-0.00250232,-0.000490279); 0.050463; 0.0530289; 
(-0.27382,-0.96172); (-0.00255258,0.000329848); 0.0512846; 0.0538923; 
(0.276852,-0.960972); (-0.0025055,-0.000438386); 0.0505149; 0.0530835; 
(-0.211114,-0.977563); (-0.00254253,0.00016574); 0.0511202; 0.0537195; 
(-0.205661,-0.978725); (-0.00254205,0.000157977); 0.0511124; 0.0537114; 
(-0.179523,-0.983828); (-0.00254079,0.000137434); 0.0510918; 0.0536897; 
(0.192758,-0.981275); (-0.00251314,-0.000313794); 0.0506398; 0.0532147; 
(-0.162602,-0.986701); (-0.00254144,0.000148025); 0.0511025; 0.0537009; 
(0.180695,-0.983552); (-0.00251457,-0.000290446); 0.0506632; 0.0532393; 
(-0.119019,-0.992956); (-0.00253633,6.45844e-005); 0.0510189; 0.053613; 
(-0.0921535,-0.995853); (-0.00253285,7.91991e-006); 0.0509621; 0.0535534; 
(-0.108351,-0.994112); (-0.00253745,8.29161e-005); 0.0510372; 0.0536323; 
(-0.0977508,-0.995235); (-0.00253588,5.72227e-005); 0.0510115; 0.0536053; 
(0.131563,-0.991221); (-0.00252143,-0.000178525); 0.0507753; 0.0533571; 
(0.11587,-0.993215); (-0.00252153,-0.000176915); 0.0507769; 0.0533588; 
(0.0926051,-0.99573); (-0.002521,-0.000185526); 0.0507683; 0.0533497; 
(0.0730091,-0.997368); (-0.00252223,-0.000165421); 0.0507884; 0.0533709; 
(-0.0361592,-0.999408); (-0.0025299,-4.03296e-005); 0.0509137; 0.0535026; 
(0.0537545,-0.998609); (-0.00252317,-0.000150133); 0.0508037; 0.053387; 
(0.036494,-0.999405); (-0.00252401,-0.000136356); 0.0508175; 0.0534015; 
(0.0467524,-0.99893); (-0.00252468,-0.000125432); 0.0508285; 0.053413; 
(0.0219025,-0.999807); (-0.00252588,-0.000105845); 0.0508481; 0.0534336; 
(0.0800894,-0.996697); (-0.00252558,-0.00011077); 0.0508432; 0.0534284; 
